5 0.495 0.66825 0.9515 0.3265
12 0.8260000000000001 0.6995 0.244 0.17200000000000001
10 0.479125 0.715375 0.41075 0.09925
16 0.468125 0.7907500000000001 0.38125000000000003 0.041
24 0.19162500000000002 0.778625 0.14175000000000001 0.06075
7 0.10525 0.69375 0.11750000000000001 0.0425
26 0.098375 0.65475 0.10975 0.022
21 0.078 0.78075 0.066 0.0455
9 0.476875 0.6365000000000001 0.41375 0.037
26 0.64275 0.6475 0.0805 0.015
0 0.691625 0.556625 0.21425 0.03625
4 0.6935 0.551 0.2165 0.029500000000000002
2 0.67875 0.530125 0.2705 0.02425