0 0.435875 0.364375 0.13375 0.08225
0 0.571875 0.34875 0.03075 0.0155
2 0.411125 0.506625 0.06425 0.05325
1 0.39775 0.5720000000000001 0.03 0.036000000000000004
19 0.462125 0.599375 0.02325 0.05025
15 0.501875 0.594375 0.05775 0.06025
7 0.574375 0.60825 0.02725 0.0205
11 0.57425 0.583 0.0385 0.027
12 0.572625 0.49062500000000003 0.07225 0.10725
10 0.572875 0.41225 0.06675 0.047
9 0.574875 0.3795 0.06575 0.0265
4 0.421375 0.36312500000000003 0.09875 0.04475
4 0.5700000000000001 0.34925 0.0195 0.0085
18 0.56925 0.548 0.0655 0.0225
5 0.49212500000000003 0.5025000000000001 0.24925 0.9715