0 0.386125 0.35825 0.035750000000000004 0.0745
0 0.471375 0.35475 0.03925 0.015
0 0.6002500000000001 0.36362500000000003 0.0285 0.07825
9 0.486375 0.386625 0.09825 0.02225
10 0.4855 0.42 0.0965 0.0425
12 0.493 0.499375 0.1115 0.09975
11 0.494 0.594 0.061 0.022
7 0.49362500000000004 0.618 0.04275 0.02
1 0.5815 0.582 0.04 0.033
2 0.5825 0.5201250000000001 0.034 0.051250000000000004
15 0.417125 0.5925 0.03875 0.062
19 0.39337500000000003 0.59 0.01225 0.049
4 0.467875 0.354875 0.02475 0.00875
4 0.604375 0.364875 0.01725 0.04125
4 0.377875 0.362875 0.01575 0.03025
13 0.51575 0.142375 0.055 0.01425
14 0.517375 0.152625 0.04925 0.01625
18 0.49262500000000004 0.55625 0.10475 0.0145
5 0.492875 0.506125 0.25075000000000003 0.9712500000000001