13 0.436 0.244375 0.107 0.01325
14 0.437 0.2575 0.105 0.017
20 0.37525000000000003 0.6275000000000001 0.011 0.057
3 0.3785 0.73725 0.0185 0.1355
4 0.45675 0.693875 0.1235 0.25225000000000003
15 0.5513750000000001 0.78 0.04575 0.0645
2 0.49175 0.662125 0.0235 0.01125
1 0.5221250000000001 0.634 0.058750000000000004 0.0265
7 0.600375 0.792 0.03625 0.0325
10 0.6045 0.624625 0.043000000000000003 0.07925
18 0.6065 0.7116250000000001 0.0375 0.03925
0 0.456625 0.69375 0.12375 0.2525
5 0.4955 0.522 0.265 0.8895000000000001
9 0.607125 0.570625 0.043250000000000004 0.03725