9 0.46825 0.207125 0.08750000000000001 0.01875
12 0.47175 0.39587500000000003 0.129 0.17625
22 0.4425 0.517375 0.162 0.058750000000000004
6 0.558125 0.54625 0.06275 0.0565
13 0.42862500000000003 0.5915 0.08325 0.0165
7 0.5385 0.594125 0.08650000000000001 0.03425
14 0.43012500000000004 0.6118750000000001 0.08625000000000001 0.017750000000000002
11 0.541375 0.638625 0.08375 0.03175
3 0.47800000000000004 0.72075 0.224 0.099
5 0.465375 0.52675 0.38675 0.8435
17 0.46175 0.23675000000000002 0.15 0.048