15 0.243375 0.3955 0.03875 0.055
15 0.775625 0.5785 0.02825 0.0615
6 0.77625 0.509375 0.0395 0.07075000000000001
11 0.774875 0.4405 0.04475 0.0645
3 0.6935 0.51325 0.08600000000000001 0.2565
7 0.5375 0.60825 0.11850000000000001 0.043000000000000003
10 0.526875 0.487875 0.20475000000000002 0.11775000000000001
9 0.53225 0.41125 0.2155 0.0395
23 0.35100000000000003 0.47275 0.08650000000000001 0.1125
18 0.5085000000000001 0.564125 0.1715 0.035250000000000004
5 0.5191250000000001 0.48875 0.61075 0.3765