2 0.497625 0.170875 0.11025 0.01925
1 0.4995 0.198625 0.23500000000000001 0.02425
18 0.4955 0.32925 0.2805 0.134
10 0.49312500000000004 0.413375 0.13525 0.014750000000000001
7 0.52075 0.47900000000000004 0.053 0.021500000000000002
3 0.421375 0.597875 0.12075 0.20525000000000002
13 0.515 0.640125 0.0185 0.09025
14 0.546 0.656375 0.023 0.09875
11 0.48775 0.89525 0.1855 0.027
6 0.5473750000000001 0.546 0.07875 0.0675
5 0.494375 0.52375 0.34325 0.8185
18 0.49312500000000004 0.433625 0.17125 0.014750000000000001