0 0.305875 0.199375 0.01825 0.08225
3 0.311625 0.47500000000000003 0.02675 0.17450000000000002
19 0.385875 0.8708750000000001 0.06625 0.09275
0 0.544625 0.203125 0.18925 0.10925
22 0.686125 0.176375 0.08225 0.05725
2 0.54325 0.354625 0.1935 0.18225
7 0.67725 0.909 0.08 0.0145
3 0.531875 0.858625 0.18175 0.12625
3 0.76825 0.483625 0.022 0.17275000000000001
10 0.76625 0.63475 0.023 0.075
12 0.7701250000000001 0.788125 0.02775 0.23875000000000002
5 0.537625 0.50425 0.50075 0.844
4 0.527875 0.18225 0.11875000000000001 0.039