3 0.8666294642857143 0.3689732142857143 0.09397321428571428 0.128125
6 0.8796875 0.4470982142857143 0.024999999999999998 0.026339285714285714
7 0.8622767857142857 0.4790178571428571 0.05892857142857143 0.030803571428571427
12 0.5245535714285714 0.40145089285714286 0.590625 0.1671875
10 0.5594866071428571 0.5609375 0.6569196428571429 0.14330357142857142
13 0.1292410714285714 0.40435267857142854 0.026785714285714284 0.08772321428571428
18 0.20814732142857142 0.5539062499999999 0.02700892857142857 0.20200892857142858
11 0.49910714285714286 0.7020089285714286 0.19464285714285715 0.05848214285714286
24 0.27366071428571426 0.70703125 0.20848214285714284 0.0484375
15 0.8277901785714286 0.61328125 0.06584821428571429 0.06450892857142856
14 0.15814732142857144 0.39229910714285715 0.0203125 0.10825892857142856
4 0.27332589285714287 0.6940848214285714 0.06138392857142857 0.010491071428571428
0 0.27366071428571426 0.6941964285714286 0.07053571428571428 0.020089285714285712
5 0.5138392857142857 0.5155133928571428 0.9111607142857142 0.45736607142857144